5.6843e-14
1.9934e-05
0.00015707
0.00052208
0.0012186
0.0023436
0.0039871
0.0062326
0.0091574
0.012832
0.017322
0.022686
0.028976
0.03624
0.04452
0.053852
0.064267
0.075792
0.088447
0.10225
0.11721
0.13333
0.15063
0.16908
0.1887
0.20948
0.23138
0.25442
0.27855
0.30375
0.33001
0.35729
0.38555
0.41477
0.44489
0.47589
0.50772
0.54033
0.57368
0.60771
0.64238
0.67763
0.71341
0.74966
0.78633
0.82335
0.86068
0.89825
0.936
0.97387
1.0118
1.0497
1.0876
1.1254
1.1629
1.2003
1.2373
1.274
1.3102
1.346
1.3812
1.4159
1.4499
1.4833
1.5159
1.5477
1.5787
1.6088
1.6381
1.6663
1.6936
1.7199
1.7451
1.7692
1.7922
1.8141
1.8349
1.8545
1.873
1.8903
1.9064
1.9214
1.9352
1.9478
1.9593
1.9698
1.9791
1.9874
1.9946
2.0009
2.0063
2.0108
2.0145
2.0174
2.0196
2.0213
2.0224
2.0231
2.0235
2.0236
2.0236
2.0236
2.0236
2.0237
2.0238
2.024
2.0242
2.0246
2.025
2.0255
2.0262
2.027
2.028
2.0291
2.0303
2.0317
2.0333
2.035
2.037
2.039
2.0413
2.0437
2.0463
2.0491
2.0521
2.0552
2.0585
2.062
2.0656
2.0694
2.0734
2.0775
2.0818
2.0862
2.0907
2.0954
2.1002
2.1051
2.1101
2.1153
2.1205
2.1258
2.1312
2.1367
2.1422
2.1478
2.1534
2.1591
2.1648
2.1705
2.1762
2.1819
2.1877
2.1934
2.199
2.2046
2.2102
2.2158
2.2212
2.2266
2.2319
2.2372
2.2423
2.2473
2.2523
2.2571
2.2617
2.2663
2.2707
2.2749
2.2791
2.283
2.2868
2.2905
2.2939
2.2972
2.3004
2.3033
2.3061
2.3087
2.3112
2.3134
2.3155
2.3174
2.3191
2.3207
2.3221
2.3234
2.3245
2.3254
2.3262
2.3269
2.3275
2.3279
2.3282
2.3285
2.3287
2.3288
2.3288
2.3288
2.3288
2.3288
2.3287
2.3282
2.3274
2.3261
2.3242
2.3217
2.3183
2.3141
2.3089
2.3027
2.2955
2.2871
2.2776
2.2669
2.2549
2.2416
2.227
2.2112
2.194
2.1754
2.1555
2.1342
2.1117
2.0878
2.0626
2.036
2.0083
1.9793
1.9491
1.9177
1.8851
1.8515
1.8168
1.7812
1.7445
1.707
1.6686
1.6295
1.5896
1.549
1.5078
1.4661
1.4239
1.3813
1.3383
1.2951
1.2517
1.2081
1.1644
1.1208
1.0772
1.0337
0.9905
0.94754
0.90493
0.86273
0.82101
0.77983
0.73927
0.69937
0.6602
0.62183
0.5843
0.54767
0.512
0.47733
0.4437
0.41118
0.37979
0.34957
0.32056
0.29279
0.26628
0.24107
0.21717
0.19459
0.17334
0.15344
0.13489
0.11767
0.10179
0.087224
0.073961
0.061975
0.051235
0.041706
0.033346
0.026107
0.019935
0.014768
0.010539
0.0071727
0.0045884
0.0026971
0.0014025
0.00060083
0.00018076
2.294e-05
7.276e-12
